Room Revenue	History	01/11/25 Sat	375	158	0	0	356	19	 75.15%	 84,949.12	 226.53	210	5	1	8	3562	1379	5	0	3273	289	 88.32%	 799,967.48	 224.58	1380	29	27	6315	23	
Room Revenue	History	02/11/25 Sun	407	211	0	0	371	36	 81.08%	 87,474.20	 214.92	180	0	2	5	3562	1379	5	0	3273	289	 88.32%	 799,967.48	 224.58	1380	29	27	6315	23	
Room Revenue	History	03/11/25 Mon	499	218	1	0	440	59	 98.62%	 115,936.44	 232.34	126	1	2	1	3562	1379	5	0	3273	289	 88.32%	 799,967.48	 224.58	1380	29	27	6315	23	
Room Revenue	History	04/11/25 Tue	497	132	2	0	456	41	 98.22%	 114,230.60	 229.84	134	2	5	1	3562	1379	5	0	3273	289	 88.32%	 799,967.48	 224.58	1380	29	27	6315	23	
Room Revenue	History	05/11/25 Wed	493	139	1	0	463	30	 97.43%	 112,271.13	 227.73	145	1	4	1	3562	1379	5	0	3273	289	 88.32%	 799,967.48	 224.58	1380	29	27	6315	23	
Room Revenue	History	06/11/25 Thu	457	144	1	0	436	21	 90.32%	 103,345.73	 226.14	180	7	9	1	3562	1379	5	0	3273	289	 88.32%	 799,967.48	 224.58	1380	29	27	6315	23	
Room Revenue	History	07/11/25 Fri	405	199	0	0	385	20	 80.36%	 88,666.22	 218.93	251	9	2	3	3562	1379	5	0	3273	289	 88.32%	 799,967.48	 224.58	1380	29	27	6315	23	
Room Revenue	History	08/11/25 Sat	429	178	0	0	366	63	 85.12%	 93,094.04	 217.00	154	4	2	3	3562	1379	5	0	3273	289	 88.32%	 799,967.48	 224.58	1380	29	27	6315	23	
Room Revenue	Forecast	09/11/25 Sun	430	199	0	0	340	90	 85.49%	 92,642.40	 215.45	201	1		4	5692	1885	14	0	4782	910	 72.40%	 1,291,080.73	 226.82	2114	20		8992	250	
Room Revenue	Forecast	10/11/25 Mon	498	221	2	0	407	91	 99.60%	 115,242.30	 231.41	154	4		7	5692	1885	14	0	4782	910	 72.40%	 1,291,080.73	 226.82	2114	20		8992	250	
Room Revenue	Forecast	11/11/25 Tue	505	149	1	0	412	93	 101.20%	 115,218.22	 228.15	138	0		8	5692	1885	14	0	4782	910	 72.40%	 1,291,080.73	 226.82	2114	20		8992	250	
Room Revenue	Forecast	12/11/25 Wed	503	157	2	0	430	73	 100.60%	 119,364.01	 237.30	159	2		7	5692	1885	14	0	4782	910	 72.40%	 1,291,080.73	 226.82	2114	20		8992	250	
Room Revenue	Forecast	13/11/25 Thu	479	164	2	0	431	48	 95.61%	 114,685.84	 239.43	189	3		6	5692	1885	14	0	4782	910	 72.40%	 1,291,080.73	 226.82	2114	20		8992	250	
Room Revenue	Forecast	14/11/25 Fri	419	125	2	0	377	42	 83.63%	 97,333.89	 232.30	186	1		6	5692	1885	14	0	4782	910	 72.40%	 1,291,080.73	 226.82	2114	20		8992	250	
Room Revenue	Forecast	15/11/25 Sat	304	89	3	0	295	9	 60.68%	 66,041.02	 217.24	202	0		6	5692	1885	14	0	4782	910	 72.40%	 1,291,080.73	 226.82	2114	20		8992	250	
Room Revenue	Forecast	16/11/25 Sun	250	97	1	0	248	2	 50.00%	 54,651.25	 218.61	151	2		7	5692	1885	14	0	4782	910	 72.40%	 1,291,080.73	 226.82	2114	20		8992	250	
Room Revenue	Forecast	17/11/25 Mon	322	128	1	0	270	52	 64.40%	 69,582.50	 216.09	64	1		7	5692	1885	14	0	4782	910	 72.40%	 1,291,080.73	 226.82	2114	20		8992	250	
Room Revenue	Forecast	18/11/25 Tue	352	121	0	0	270	82	 73.33%	 79,344.42	 225.41	94	2		27	5692	1885	14	0	4782	910	 72.40%	 1,291,080.73	 226.82	2114	20		8992	250	
Room Revenue	Forecast	19/11/25 Wed	361	68	0	0	281	80	 76.65%	 81,654.70	 226.19	59	0		36	5692	1885	14	0	4782	910	 72.40%	 1,291,080.73	 226.82	2114	20		8992	250	
Room Revenue	Forecast	20/11/25 Thu	336	68	0	0	253	83	 71.34%	 75,034.13	 223.32	96	0		36	5692	1885	14	0	4782	910	 72.40%	 1,291,080.73	 226.82	2114	20		8992	250	
Room Revenue	Forecast	21/11/25 Fri	283	102	0	0	219	64	 58.96%	 63,397.68	 224.02	150	3		27	5692	1885	14	0	4782	910	 72.40%	 1,291,080.73	 226.82	2114	20		8992	250	
Room Revenue	Forecast	22/11/25 Sat	240	50	0	0	193	47	 49.69%	 53,466.12	 222.78	98	0		24	5692	1885	14	0	4782	910	 72.40%	 1,291,080.73	 226.82	2114	20		8992	250	
Room Revenue	Forecast	23/11/25 Sun	209	65	0	0	170	39	 43.00%	 47,127.01	 225.49	88	0		21	5692	1885	14	0	4782	910	 72.40%	 1,291,080.73	 226.82	2114	20		8992	250	
Room Revenue	Forecast	24/11/25 Mon	201	82	0	0	186	15	 41.36%	 46,295.24	 230.32	85	1		21	5692	1885	14	0	4782	910	 72.40%	 1,291,080.73	 226.82	2114	20		8992	250	
Room Revenue	Forecast	25/11/25 Tue	203	39	0	0	188	15	 41.77%	 48,556.30	 239.19	38	0		21	3383	978	14	0	2812	571	 28.02%	 815,933.43	 241.19	1094	5		5971	93	
Room Revenue	Forecast	26/11/25 Wed	193	63	0	0	192	1	 38.14%	 45,426.41	 235.37	71	1		1	3383	978	14	0	2812	571	 28.02%	 815,933.43	 241.19	1094	5		5971	93	
Room Revenue	Forecast	27/11/25 Thu	244	94	1	0	224	20	 48.22%	 59,508.64	 243.89	59	0		1	3383	978	14	0	2812	571	 28.02%	 815,933.43	 241.19	1094	5		5971	93	
Room Revenue	Forecast	28/11/25 Fri	291	128	4	0	261	30	 57.51%	 71,307.56	 245.04	69	1		1	3383	978	14	0	2812	571	 28.02%	 815,933.43	 241.19	1094	5		5971	93	
Room Revenue	Forecast	29/11/25 Sat	262	60	4	0	220	42	 51.78%	 69,207.51	 264.15	97	1		1	3383	978	14	0	2812	571	 28.02%	 815,933.43	 241.19	1094	5		5971	93	
Room Revenue	Forecast	30/11/25 Sun	193	68	1	0	157	36	 38.14%	 45,748.60	 237.04	133	0		1	3383	978	14	0	2812	571	 28.02%	 815,933.43	 241.19	1094	5		5971	93	
Room Revenue	Forecast	01/12/25 Mon	146	30	0	0	110	36	 28.80%	 35,042.56	 240.02	76	0		0	3383	978	14	0	2812	571	 28.02%	 815,933.43	 241.19	1094	5		5971	93	
Room Revenue	Forecast	02/12/25 Tue	138	22	0	0	102	36	 27.82%	 34,056.76	 246.79	31	0		11	3383	978	14	0	2812	571	 28.02%	 815,933.43	 241.19	1094	5		5971	93	
Room Revenue	Forecast	03/12/25 Wed	122	21	0	0	99	23	 25.21%	 28,602.61	 234.45	49	0		23	3383	978	14	0	2812	571	 28.02%	 815,933.43	 241.19	1094	5		5971	93	
Room Revenue	Forecast	04/12/25 Thu	126	30	0	0	103	23	 25.40%	 30,099.59	 238.89	26	0		11	3383	978	14	0	2812	571	 28.02%	 815,933.43	 241.19	1094	5		5971	93	
Room Revenue	Forecast	05/12/25 Fri	145	57	0	0	123	22	 29.23%	 35,524.89	 245.00	40	0		11	3383	978	14	0	2812	571	 28.02%	 815,933.43	 241.19	1094	5		5971	93	
Room Revenue	Forecast	06/12/25 Sat	159	62	0	0	142	17	 32.06%	 37,145.77	 233.62	26	1		11	3383	978	14	0	2812	571	 28.02%	 815,933.43	 241.19	1094	5		5971	93	
Room Revenue	Forecast	07/12/25 Sun	115	29	1	0	98	17	 22.68%	 24,400.61	 212.18	73	1		0	3383	978	14	0	2812	571	 28.02%	 815,933.43	 241.19	1094	5		5971	93	
Room Revenue	Forecast	08/12/25 Mon	137	50	0	0	90	47	 27.02%	 30,163.91	 220.17	29	0		0	3383	978	14	0	2812	571	 28.02%	 815,933.43	 241.19	1094	5		5971	93	
Room Revenue	Forecast	09/12/25 Tue	136	19	0	0	72	64	 26.82%	 29,832.05	 219.35	37	0		0	3383	978	14	0	2812	571	 28.02%	 815,933.43	 241.19	1094	5		5971	93	
Room Revenue	Forecast	10/12/25 Wed	105	11	0	0	60	45	 20.71%	 24,022.59	 228.79	68	0		0	3383	978	14	0	2812	571	 28.02%	 815,933.43	 241.19	1094	5		5971	93	
Room Revenue	Forecast	11/12/25 Thu	106	18	0	0	61	45	 20.91%	 24,182.62	 228.14	17	0		0	3383	978	14	0	2812	571	 28.02%	 815,933.43	 241.19	1094	5		5971	93	
Room Revenue	Forecast	12/12/25 Fri	80	23	0	0	62	18	 15.78%	 17,988.03	 224.85	22	0		0	3383	978	14	0	2812	571	 28.02%	 815,933.43	 241.19	1094	5		5971	93	
Room Revenue	Forecast	13/12/25 Sat	93	25	0	0	76	17	 18.34%	 22,646.62	 243.51	13	0		0	3383	978	14	0	2812	571	 28.02%	 815,933.43	 241.19	1094	5		5971	93	
Room Revenue	Forecast	14/12/25 Sun	104	40	1	0	87	17	 20.51%	 25,543.80	 245.61	30	0		0	3383	978	14	0	2812	571	 28.02%	 815,933.43	 241.19	1094	5		5971	93	
Room Revenue	Forecast	15/12/25 Mon	74	15	1	0	74	0	 14.60%	 19,580.13	 264.60	28	0		0	3383	978	14	0	2812	571	 28.02%	 815,933.43	 241.19	1094	5		5971	93	
Room Revenue	Forecast	16/12/25 Tue	61	18	0	0	61	0	 12.03%	 17,604.23	 288.59	31	0		0	3383	978	14	0	2812	571	 28.02%	 815,933.43	 241.19	1094	5		5971	93	
Room Revenue	Forecast	17/12/25 Wed	66	21	0	0	66	0	 13.02%	 18,873.90	 285.97	16	0		0	3383	978	14	0	2812	571	 28.02%	 815,933.43	 241.19	1094	5		5971	93	
Room Revenue	Forecast	18/12/25 Thu	84	35	1	0	84	0	 16.57%	 20,867.74	 248.43	15	0		0	3383	978	14	0	2812	571	 28.02%	 815,933.43	 241.19	1094	5		5971	93	
Room Revenue	Forecast	19/12/25 Fri	88	32	0	0	88	0	 17.36%	 23,907.56	 271.68	28	0		0	1981	529	6	0	1863	118	 16.28%	 540,566.60	 272.88	587	1		4139	0	
Room Revenue	Forecast	20/12/25 Sat	89	29	1	0	89	0	 17.55%	 22,966.14	 258.05	28	0		0	1981	529	6	0	1863	118	 16.28%	 540,566.60	 272.88	587	1		4139	0	
Room Revenue	Forecast	21/12/25 Sun	85	20	1	0	85	0	 16.77%	 21,496.40	 252.90	24	0		0	1981	529	6	0	1863	118	 16.28%	 540,566.60	 272.88	587	1		4139	0	
Room Revenue	Forecast	22/12/25 Mon	85	29	0	0	73	12	 16.77%	 22,759.04	 267.75	29	0		0	1981	529	6	0	1863	118	 16.28%	 540,566.60	 272.88	587	1		4139	0	
Room Revenue	Forecast	23/12/25 Tue	78	26	0	0	66	12	 15.38%	 20,535.53	 263.28	33	0		0	1981	529	6	0	1863	118	 16.28%	 540,566.60	 272.88	587	1		4139	0	
Room Revenue	Forecast	24/12/25 Wed	117	43	0	0	105	12	 23.08%	 33,942.30	 290.11	7	0		0	1981	529	6	0	1863	118	 16.28%	 540,566.60	 272.88	587	1		4139	0	
Room Revenue	Forecast	25/12/25 Thu	123	28	1	0	111	12	 24.26%	 33,306.79	 270.79	22	0		0	1981	529	6	0	1863	118	 16.28%	 540,566.60	 272.88	587	1		4139	0	
Room Revenue	Forecast	26/12/25 Fri	133	42	2	0	121	12	 26.23%	 33,983.08	 255.51	32	0		0	1981	529	6	0	1863	118	 16.28%	 540,566.60	 272.88	587	1		4139	0	
Room Revenue	Forecast	27/12/25 Sat	131	27	1	0	119	12	 25.84%	 36,351.62	 277.49	29	0		0	1981	529	6	0	1863	118	 16.28%	 540,566.60	 272.88	587	1		4139	0	
Room Revenue	Forecast	28/12/25 Sun	108	21	0	0	96	12	 21.30%	 32,396.23	 299.97	44	0		0	1981	529	6	0	1863	118	 16.28%	 540,566.60	 272.88	587	1		4139	0	
Room Revenue	Forecast	29/12/25 Mon	102	24	0	0	102	0	 20.12%	 29,038.60	 284.69	30	1		0	1981	529	6	0	1863	118	 16.28%	 540,566.60	 272.88	587	1		4139	0	
Room Revenue	Forecast	30/12/25 Tue	116	39	0	0	116	0	 22.88%	 32,791.64	 282.69	25	0		0	1981	529	6	0	1863	118	 16.28%	 540,566.60	 272.88	587	1		4139	0	
Room Revenue	Forecast	31/12/25 Wed	147	40	0	0	139	8	 28.99%	 49,560.57	 337.15	18	0		0	1981	529	6	0	1863	118	 16.28%	 540,566.60	 272.88	587	1		4139	0	
Room Revenue	Forecast	01/01/26 Thu	109	12	0	0	101	8	 21.50%	 27,730.60	 254.41	46	0		0	1981	529	6	0	1863	118	 16.28%	 540,566.60	 272.88	587	1		4139	0	
Room Revenue	Forecast	02/01/26 Fri	98	25	0	0	90	8	 19.33%	 24,609.48	 251.12	36	0		0	1981	529	6	0	1863	118	 16.28%	 540,566.60	 272.88	587	1		4139	0	
Room Revenue	Forecast	03/01/26 Sat	68	17	0	0	68	0	 13.41%	 18,600.93	 273.54	39	0		0	1981	529	6	0	1863	118	 16.28%	 540,566.60	 272.88	587	1		4139	0	
Room Revenue	Forecast	04/01/26 Sun	53	9	0	0	53	0	 10.45%	 12,356.02	 233.13	24	0		0	1981	529	6	0	1863	118	 16.28%	 540,566.60	 272.88	587	1		4139	0	
Room Revenue	Forecast	05/01/26 Mon	33	10	0	0	33	0	 6.51%	 6,975.39	 211.38	30	0		0	1981	529	6	0	1863	118	 16.28%	 540,566.60	 272.88	587	1		4139	0	
Room Revenue	Forecast	06/01/26 Tue	39	14	0	0	39	0	 7.69%	 9,639.30	 247.16	8	0		0	1981	529	6	0	1863	118	 16.28%	 540,566.60	 272.88	587	1		4139	0	
Room Revenue	Forecast	07/01/26 Wed	48	5	0	0	38	10	 9.47%	 10,031.83	 209.00	7	0		0	1981	529	6	0	1863	118	 16.28%	 540,566.60	 272.88	587	1		4139	0	
Room Revenue	Forecast	08/01/26 Thu	37	14	0	0	37	0	 7.30%	 10,645.41	 287.71	15	0		0	1981	529	6	0	1863	118	 16.28%	 540,566.60	 272.88	587	1		4139	0	
Room Revenue	Forecast	09/01/26 Fri	37	5	0	0	37	0	 7.30%	 10,286.43	 278.01	5	0		0	1981	529	6	0	1863	118	 16.28%	 540,566.60	 272.88	587	1		4139	0	
Room Revenue	Forecast	10/01/26 Sat	31	8	0	0	31	0	 6.11%	 9,693.71	 312.70	14	0		0	1981	529	6	0	1863	118	 16.28%	 540,566.60	 272.88	587	1		4139	0	
Room Revenue	Forecast	11/01/26 Sun	26	10	0	0	26	0	 5.13%	 6,962.00	 267.77	14	0		0	1981	529	6	0	1863	118	 16.28%	 540,566.60	 272.88	587	1		4139	0	
Room Revenue	Forecast	12/01/26 Mon	17	0	0	0	17	0	 3.35%	 4,795.27	 282.07	9	0		0	550	87	0	0	337	213	 4.52%	 133,198.95	 242.18	104	0		952	0	
Room Revenue	Forecast	13/01/26 Tue	18	1	0	0	18	0	 3.55%	 5,052.22	 280.68	0	0		0	550	87	0	0	337	213	 4.52%	 133,198.95	 242.18	104	0		952	0	
Room Revenue	Forecast	14/01/26 Wed	21	5	0	0	21	0	 4.14%	 5,720.30	 272.40	2	0		0	550	87	0	0	337	213	 4.52%	 133,198.95	 242.18	104	0		952	0	
Room Revenue	Forecast	15/01/26 Thu	30	10	0	0	30	0	 5.92%	 7,834.80	 261.16	1	0		0	550	87	0	0	337	213	 4.52%	 133,198.95	 242.18	104	0		952	0	
Room Revenue	Forecast	16/01/26 Fri	34	11	0	0	34	0	 6.71%	 8,099.47	 238.22	7	0		0	550	87	0	0	337	213	 4.52%	 133,198.95	 242.18	104	0		952	0	
Room Revenue	Forecast	17/01/26 Sat	29	6	0	0	29	0	 5.72%	 7,410.95	 255.55	11	0		0	550	87	0	0	337	213	 4.52%	 133,198.95	 242.18	104	0		952	0	
Room Revenue	Forecast	18/01/26 Sun	16	3	0	0	16	0	 3.16%	 4,050.60	 253.16	16	0		0	550	87	0	0	337	213	 4.52%	 133,198.95	 242.18	104	0		952	0	
Room Revenue	Forecast	19/01/26 Mon	12	1	0	0	12	0	 2.37%	 3,328.86	 277.41	5	0		0	550	87	0	0	337	213	 4.52%	 133,198.95	 242.18	104	0		952	0	
Room Revenue	Forecast	20/01/26 Tue	9	2	0	0	9	0	 1.78%	 3,067.56	 340.84	5	0		0	550	87	0	0	337	213	 4.52%	 133,198.95	 242.18	104	0		952	0	
Room Revenue	Forecast	21/01/26 Wed	7	2	0	0	7	0	 1.38%	 2,445.16	 349.31	4	0		0	550	87	0	0	337	213	 4.52%	 133,198.95	 242.18	104	0		952	0	
Room Revenue	Forecast	22/01/26 Thu	9	3	0	0	9	0	 1.78%	 2,482.26	 275.81	1	0		0	550	87	0	0	337	213	 4.52%	 133,198.95	 242.18	104	0		952	0	
Room Revenue	Forecast	23/01/26 Fri	33	8	0	0	16	17	 6.51%	 7,224.82	 218.93	1	0		0	550	87	0	0	337	213	 4.52%	 133,198.95	 242.18	104	0		952	0	
Room Revenue	Forecast	24/01/26 Sat	36	6	0	0	19	17	 7.10%	 8,001.67	 222.27	3	0		0	550	87	0	0	337	213	 4.52%	 133,198.95	 242.18	104	0		952	0	
Room Revenue	Forecast	25/01/26 Sun	18	3	0	0	18	0	 3.55%	 3,937.27	 218.74	4	0		0	550	87	0	0	337	213	 4.52%	 133,198.95	 242.18	104	0		952	0	
Room Revenue	Forecast	26/01/26 Mon	12	4	0	0	12	0	 2.37%	 3,155.55	 262.96	10	0		0	550	87	0	0	337	213	 4.52%	 133,198.95	 242.18	104	0		952	0	
Room Revenue	Forecast	27/01/26 Tue	60	3	0	0	11	49	 11.83%	 13,065.79	 217.76	4	0		0	550	87	0	0	337	213	 4.52%	 133,198.95	 242.18	104	0		952	0	
Room Revenue	Forecast	28/01/26 Wed	47	0	0	0	7	40	 9.27%	 10,022.72	 213.25	4	0		0	550	87	0	0	337	213	 4.52%	 133,198.95	 242.18	104	0		952	0	
Room Revenue	Forecast	29/01/26 Thu	9	3	0	0	8	1	 1.78%	 2,432.03	 270.23	2	0		0	550	87	0	0	337	213	 4.52%	 133,198.95	 242.18	104	0		952	0	
Room Revenue	Forecast	30/01/26 Fri	15	1	0	0	7	8	 2.96%	 3,624.92	 241.66	2	0		0	550	87	0	0	337	213	 4.52%	 133,198.95	 242.18	104	0		952	0	
Room Revenue	Forecast	31/01/26 Sat	15	2	0	0	7	8	 2.96%	 3,573.09	 238.21	2	0		0	550	87	0	0	337	213	 4.52%	 133,198.95	 242.18	104	0		952	0	
Room Revenue	Forecast	01/02/26 Sun	31	4	0	0	7	24	 6.11%	 6,802.88	 219.45	4	0		0	550	87	0	0	337	213	 4.52%	 133,198.95	 242.18	104	0		952	0	
Room Revenue	Forecast	02/02/26 Mon	30	2	0	0	6	24	 5.92%	 6,881.58	 229.39	3	0		0	550	87	0	0	337	213	 4.52%	 133,198.95	 242.18	104	0		952	0	
Room Revenue	Forecast	03/02/26 Tue	32	4	0	0	8	24	 6.31%	 7,630.03	 238.44	2	0		0	550	87	0	0	337	213	 4.52%	 133,198.95	 242.18	104	0		952	0	
Room Revenue	Forecast	04/02/26 Wed	10	3	0	0	9	1	 1.97%	 2,559.15	 255.92	2	0		0	550	87	0	0	337	213	 4.52%	 133,198.95	 242.18	104	0		952	0	
Room Revenue	Forecast	05/02/26 Thu	15	8	0	0	14	1	 2.96%	 3,752.74	 250.18	3	0		0	723	134	0	0	391	332	 6.62%	 174,189.18	 240.93	138	1		1444	1243	
Room Revenue	Forecast	06/02/26 Fri	26	2	0	0	10	16	 5.13%	 5,792.29	 222.78	6	0		0	723	134	0	0	391	332	 6.62%	 174,189.18	 240.93	138	1		1444	1243	
Room Revenue	Forecast	07/02/26 Sat	23	14	0	0	23	0	 4.54%	 6,549.45	 284.76	1	0		0	723	134	0	0	391	332	 6.62%	 174,189.18	 240.93	138	1		1444	1243	
Room Revenue	Forecast	08/02/26 Sun	34	3	0	0	18	16	 6.71%	 8,424.58	 247.78	8	1		0	723	134	0	0	391	332	 6.62%	 174,189.18	 240.93	138	1		1444	1243	
Room Revenue	Forecast	09/02/26 Mon	53	2	0	0	20	33	 10.45%	 12,460.80	 235.11	0	0		0	723	134	0	0	391	332	 6.62%	 174,189.18	 240.93	138	1		1444	1243	
Room Revenue	Forecast	10/02/26 Tue	26	1	0	0	10	16	 5.13%	 6,253.24	 240.51	11	0		0	723	134	0	0	391	332	 6.62%	 174,189.18	 240.93	138	1		1444	1243	
Room Revenue	Forecast	11/02/26 Wed	9	6	0	0	9	0	 1.78%	 2,545.39	 282.82	7	0		0	723	134	0	0	391	332	 6.62%	 174,189.18	 240.93	138	1		1444	1243	
Room Revenue	Forecast	12/02/26 Thu	10	1	0	0	10	0	 1.97%	 2,781.01	 278.10	0	0		0	723	134	0	0	391	332	 6.62%	 174,189.18	 240.93	138	1		1444	1243	
Room Revenue	Forecast	13/02/26 Fri	26	1	0	0	9	17	 5.13%	 6,076.12	 233.70	2	0		0	723	134	0	0	391	332	 6.62%	 174,189.18	 240.93	138	1		1444	1243	
Room Revenue	Forecast	14/02/26 Sat	35	9	0	0	18	17	 6.90%	 8,528.16	 243.66	0	0		0	723	134	0	0	391	332	 6.62%	 174,189.18	 240.93	138	1		1444	1243	
Room Revenue	Forecast	15/02/26 Sun	29	19	0	0	29	0	 5.72%	 7,070.19	 243.80	8	0		0	723	134	0	0	391	332	 6.62%	 174,189.18	 240.93	138	1		1444	1243	
Room Revenue	Forecast	16/02/26 Mon	50	7	0	0	34	16	 9.86%	 12,136.49	 242.73	2	0		0	723	134	0	0	391	332	 6.62%	 174,189.18	 240.93	138	1		1444	1243	
Room Revenue	Forecast	17/02/26 Tue	61	6	0	0	29	32	 12.03%	 13,976.15	 229.12	11	0		0	723	134	0	0	391	332	 6.62%	 174,189.18	 240.93	138	1		1444	1243	
Room Revenue	Forecast	18/02/26 Wed	76	7	0	0	28	48	 19.29%	 16,381.39	 215.54	8	0		113	723	134	0	0	391	332	 6.62%	 174,189.18	 240.93	138	1		1444	1243	
Room Revenue	Forecast	19/02/26 Thu	77	14	0	0	21	56	 19.54%	 17,244.63	 223.96	21	0		113	723	134	0	0	391	332	 6.62%	 174,189.18	 240.93	138	1		1444	1243	
Room Revenue	Forecast	20/02/26 Fri	63	11	0	0	23	40	 15.99%	 14,491.54	 230.02	9	0		113	723	134	0	0	391	332	 6.62%	 174,189.18	 240.93	138	1		1444	1243	
Room Revenue	Forecast	21/02/26 Sat	47	7	0	0	23	24	 11.93%	 11,064.74	 235.42	7	0		113	723	134	0	0	391	332	 6.62%	 174,189.18	 240.93	138	1		1444	1243	
Room Revenue	Forecast	22/02/26 Sun	17	2	0	0	17	0	 4.31%	 4,691.12	 275.95	8	0		113	723	134	0	0	391	332	 6.62%	 174,189.18	 240.93	138	1		1444	1243	
Room Revenue	Forecast	23/02/26 Mon	8	3	0	0	8	0	 2.03%	 2,228.21	 278.53	12	0		113	723	134	0	0	391	332	 6.62%	 174,189.18	 240.93	138	1		1444	1243	
Room Revenue	Forecast	24/02/26 Tue	11	2	0	0	11	0	 2.79%	 3,441.24	 312.84	0	0		113	723	134	0	0	391	332	 6.62%	 174,189.18	 240.93	138	1		1444	1243	
Room Revenue	Forecast	25/02/26 Wed	5	0	0	0	5	0	 1.27%	 1,303.34	 260.67	5	0		113	723	134	0	0	391	332	 6.62%	 174,189.18	 240.93	138	1		1444	1243	
Room Revenue	Forecast	26/02/26 Thu	9	6	0	0	9	0	 2.28%	 2,913.89	 323.77	2	0		113	723	134	0	0	391	332	 6.62%	 174,189.18	 240.93	138	1		1444	1243	
Room Revenue	Forecast	27/02/26 Fri	8	2	0	0	8	0	 2.03%	 2,468.21	 308.53	3	0		113	723	134	0	0	391	332	 6.62%	 174,189.18	 240.93	138	1		1444	1243	
Room Revenue	Forecast	28/02/26 Sat	5	1	0	0	5	0	 1.27%	 1,614.26	 322.85	4	0		113	723	134	0	0	391	332	 6.62%	 174,189.18	 240.93	138	1		1444	1243	
Room Revenue	Forecast	01/03/26 Sun	24	2	0	0	6	18	 6.09%	 5,099.43	 212.48	1	0		113	267	30	0	0	105	162	 2.82%	 67,244.43	 251.85	29	0		367	2712	
Room Revenue	Forecast	02/03/26 Mon	7	2	0	0	7	0	 1.78%	 2,273.11	 324.73	1	0		113	267	30	0	0	105	162	 2.82%	 67,244.43	 251.85	29	0		367	2712	
Room Revenue	Forecast	03/03/26 Tue	24	3	0	0	7	17	 6.09%	 5,660.77	 235.87	3	0		113	267	30	0	0	105	162	 2.82%	 67,244.43	 251.85	29	0		367	2712	
Room Revenue	Forecast	04/03/26 Wed	24	2	0	0	7	17	 6.09%	 5,279.14	 219.96	2	0		113	267	30	0	0	105	162	 2.82%	 67,244.43	 251.85	29	0		367	2712	
Room Revenue	Forecast	05/03/26 Thu	13	0	0	0	5	8	 3.30%	 3,122.31	 240.18	2	0		113	267	30	0	0	105	162	 2.82%	 67,244.43	 251.85	29	0		367	2712	
Room Revenue	Forecast	06/03/26 Fri	11	1	0	0	3	8	 2.79%	 2,551.12	 231.92	3	0		113	267	30	0	0	105	162	 2.82%	 67,244.43	 251.85	29	0		367	2712	
Room Revenue	Forecast	07/03/26 Sat	12	3	0	0	4	8	 3.05%	 3,021.58	 251.80	2	0		113	267	30	0	0	105	162	 2.82%	 67,244.43	 251.85	29	0		367	2712	
Room Revenue	Forecast	08/03/26 Sun	3	0	0	0	3	0	 0.76%	 893.12	 297.71	1	0		113	267	30	0	0	105	162	 2.82%	 67,244.43	 251.85	29	0		367	2712	
Room Revenue	Forecast	09/03/26 Mon	1	0	0	0	1	0	 0.25%	 424.39	 424.39	2	0		113	267	30	0	0	105	162	 2.82%	 67,244.43	 251.85	29	0		367	2712	
Room Revenue	Forecast	10/03/26 Tue	1	0	0	0	1	0	 0.25%	 424.39	 424.39	0	0		113	267	30	0	0	105	162	 2.82%	 67,244.43	 251.85	29	0		367	2712	
Room Revenue	Forecast	11/03/26 Wed	12	1	0	0	2	10	 3.05%	 2,592.82	 216.07	0	0		113	267	30	0	0	105	162	 2.82%	 67,244.43	 251.85	29	0		367	2712	
Room Revenue	Forecast	12/03/26 Thu	11	1	0	0	3	8	 2.79%	 2,734.67	 248.61	0	0		113	267	30	0	0	105	162	 2.82%	 67,244.43	 251.85	29	0		367	2712	
Room Revenue	Forecast	13/03/26 Fri	29	1	0	0	4	25	 7.36%	 6,487.85	 223.72	0	0		113	267	30	0	0	105	162	 2.82%	 67,244.43	 251.85	29	0		367	2712	
Room Revenue	Forecast	14/03/26 Sat	47	1	0	0	4	43	 11.93%	 10,305.17	 219.26	1	0		113	267	30	0	0	105	162	 2.82%	 67,244.43	 251.85	29	0		367	2712	
Room Revenue	Forecast	15/03/26 Sun	5	3	0	0	5	0	 1.27%	 1,949.09	 389.82	2	0		113	267	30	0	0	105	162	 2.82%	 67,244.43	 251.85	29	0		367	2712	
Room Revenue	Forecast	16/03/26 Mon	6	1	0	0	6	0	 1.52%	 2,264.29	 377.38	0	0		113	267	30	0	0	105	162	 2.82%	 67,244.43	 251.85	29	0		367	2712	
Room Revenue	Forecast	17/03/26 Tue	6	0	0	0	6	0	 1.52%	 2,264.29	 377.38	0	0		113	267	30	0	0	105	162	 2.82%	 67,244.43	 251.85	29	0		367	2712	
Room Revenue	Forecast	18/03/26 Wed	6	0	0	0	6	0	 1.52%	 2,264.29	 377.38	0	0		113	267	30	0	0	105	162	 2.82%	 67,244.43	 251.85	29	0		367	2712	
Room Revenue	Forecast	19/03/26 Thu	7	2	0	0	7	0	 1.78%	 2,370.79	 338.68	1	0		113	267	30	0	0	105	162	 2.82%	 67,244.43	 251.85	29	0		367	2712	
Room Revenue	Forecast	20/03/26 Fri	3	0	0	0	3	0	 0.76%	 933.14	 311.05	4	0		113	267	30	0	0	105	162	 2.82%	 67,244.43	 251.85	29	0		367	2712	
Room Revenue	Forecast	21/03/26 Sat	3	2	0	0	3	0	 0.76%	 826.38	 275.46	2	0		113	267	30	0	0	105	162	 2.82%	 67,244.43	 251.85	29	0		367	2712	
Room Revenue	Forecast	22/03/26 Sun	2	0	0	0	2	0	 0.51%	 751.32	 375.66	1	0		113	267	30	0	0	105	162	 2.82%	 67,244.43	 251.85	29	0		367	2712	
Room Revenue	Forecast	23/03/26 Mon	4	2	0	0	4	0	 1.02%	 949.70	 237.43	0	0		113	267	30	0	0	105	162	 2.82%	 67,244.43	 251.85	29	0		367	2712	
Room Revenue	Forecast	24/03/26 Tue	6	3	0	0	6	0	 1.52%	 1,801.27	 300.21	1	0		113	267	30	0	0	105	162	 2.82%	 67,244.43	 251.85	29	0		367	2712	
Room Revenue	Forecast	25/03/26 Wed	8	3	0	0	8	0	 2.03%	 2,366.36	 295.80	1	0		113	244	31	0	0	122	122	 2.58%	 64,577.08	 264.66	34	0		377	2712	
Room Revenue	Forecast	26/03/26 Thu	24	10	0	0	16	8	 6.09%	 6,632.36	 276.35	2	0		113	244	31	0	0	122	122	 2.58%	 64,577.08	 264.66	34	0		377	2712	
Room Revenue	Forecast	27/03/26 Fri	21	1	0	0	13	8	 5.33%	 5,634.86	 268.33	4	0		113	244	31	0	0	122	122	 2.58%	 64,577.08	 264.66	34	0		377	2712	
Room Revenue	Forecast	28/03/26 Sat	20	1	0	0	12	8	 5.08%	 5,012.07	 250.60	2	0		113	244	31	0	0	122	122	 2.58%	 64,577.08	 264.66	34	0		377	2712	
Room Revenue	Forecast	29/03/26 Sun	8	0	0	0	8	0	 2.03%	 2,156.33	 269.54	4	0		113	244	31	0	0	122	122	 2.58%	 64,577.08	 264.66	34	0		377	2712	
Room Revenue	Forecast	30/03/26 Mon	5	0	0	0	5	0	 1.27%	 1,569.02	 313.80	3	0		113	244	31	0	0	122	122	 2.58%	 64,577.08	 264.66	34	0		377	2712	
Room Revenue	Forecast	31/03/26 Tue	4	0	0	0	4	0	 1.02%	 1,335.49	 333.87	1	0		113	244	31	0	0	122	122	 2.58%	 64,577.08	 264.66	34	0		377	2712	
Room Revenue	Forecast	01/04/26 Wed	5	1	0	0	5	0	 1.27%	 1,706.94	 341.39	0	0		113	244	31	0	0	122	122	 2.58%	 64,577.08	 264.66	34	0		377	2712	
Room Revenue	Forecast	02/04/26 Thu	12	3	0	0	4	8	 3.05%	 3,023.50	 251.96	4	0		113	244	31	0	0	122	122	 2.58%	 64,577.08	 264.66	34	0		377	2712	
Room Revenue	Forecast	03/04/26 Fri	15	3	0	0	7	8	 3.81%	 3,623.31	 241.55	0	0		113	244	31	0	0	122	122	 2.58%	 64,577.08	 264.66	34	0		377	2712	
Room Revenue	Forecast	04/04/26 Sat	31	0	0	0	6	25	 7.87%	 6,796.53	 219.24	1	0		113	244	31	0	0	122	122	 2.58%	 64,577.08	 264.66	34	0		377	2712	
Room Revenue	Forecast	05/04/26 Sun	18	0	0	0	1	17	 4.57%	 3,779.87	 209.99	5	0		113	244	31	0	0	122	122	 2.58%	 64,577.08	 264.66	34	0		377	2712	
Room Revenue	Forecast	06/04/26 Mon	0	0	0	0	0	0	 0.00%	 0.00	 0.00	1	0		113	244	31	0	0	122	122	 2.58%	 64,577.08	 264.66	34	0		377	2712	
Room Revenue	Forecast	07/04/26 Tue	0	0	0	0	0	0	 0.00%	 0.00	 0.00	0	0		113	244	31	0	0	122	122	 2.58%	 64,577.08	 264.66	34	0		377	2712	
Room Revenue	Forecast	08/04/26 Wed	2	2	0	0	2	0	 0.51%	 848.78	 424.39	0	0		113	244	31	0	0	122	122	 2.58%	 64,577.08	 264.66	34	0		377	2712	
Room Revenue	Forecast	09/04/26 Thu	10	0	0	0	2	8	 2.54%	 2,717.02	 271.70	0	0		113	244	31	0	0	122	122	 2.58%	 64,577.08	 264.66	34	0		377	2712	
Room Revenue	Forecast	10/04/26 Fri	10	0	0	0	2	8	 2.54%	 2,717.02	 271.70	0	0		113	244	31	0	0	122	122	 2.58%	 64,577.08	 264.66	34	0		377	2712	
Room Revenue	Forecast	11/04/26 Sat	10	0	0	0	2	8	 2.54%	 2,717.02	 271.70	0	0		113	244	31	0	0	122	122	 2.58%	 64,577.08	 264.66	34	0		377	2712	
Room Revenue	Forecast	12/04/26 Sun	3	1	0	0	3	0	 0.76%	 1,082.31	 360.77	0	0		113	244	31	0	0	122	122	 2.58%	 64,577.08	 264.66	34	0		377	2712	
Room Revenue	Forecast	13/04/26 Mon	2	1	0	0	2	0	 0.51%	 672.98	 336.49	2	0		113	244	31	0	0	122	122	 2.58%	 64,577.08	 264.66	34	0		377	2712	
Room Revenue	Forecast	14/04/26 Tue	7	4	0	0	7	0	 1.78%	 2,317.84	 331.12	0	0		113	244	31	0	0	122	122	 2.58%	 64,577.08	 264.66	34	0		377	2712	
Room Revenue	Forecast	15/04/26 Wed	6	0	0	0	6	0	 1.52%	 2,084.31	 347.39	1	0		113	244	31	0	0	122	122	 2.58%	 64,577.08	 264.66	34	0		377	2712	
Room Revenue	Forecast	16/04/26 Thu	12	0	0	0	4	8	 3.05%	 3,172.63	 264.39	1	0		113	244	31	0	0	122	122	 2.58%	 64,577.08	 264.66	34	0		377	2712	
Room Revenue	Forecast	17/04/26 Fri	11	1	0	0	3	8	 2.79%	 2,610.53	 237.32	2	0		113	244	31	0	0	122	122	 2.58%	 64,577.08	 264.66	34	0		377	2712	
Room Revenue	Forecast	18/04/26 Sat	8	0	0	0	0	8	 2.03%	 1,868.24	 233.53	3	0		113	1239	6	0	0	13	1226	 13.10%	 272,640.46	 220.05	9	0		1244	2712	
Room Revenue	Forecast	19/04/26 Sun	5	0	0	0	0	5	 1.27%	 1,231.60	 246.32	0	0		113	1239	6	0	0	13	1226	 13.10%	 272,640.46	 220.05	9	0		1244	2712	
Room Revenue	Forecast	20/04/26 Mon	270	0	0	0	0	270	 68.53%	 62,811.60	 232.64	0	0		113	1239	6	0	0	13	1226	 13.10%	 272,640.46	 220.05	9	0		1244	2712	
Room Revenue	Forecast	21/04/26 Tue	300	0	0	0	0	300	 76.14%	 63,057.92	 210.19	0	0		113	1239	6	0	0	13	1226	 13.10%	 272,640.46	 220.05	9	0		1244	2712	
Room Revenue	Forecast	22/04/26 Wed	300	0	0	0	0	300	 76.14%	 63,057.92	 210.19	0	0		113	1239	6	0	0	13	1226	 13.10%	 272,640.46	 220.05	9	0		1244	2712	
Room Revenue	Forecast	23/04/26 Thu	285	0	0	0	0	285	 72.34%	 63,057.92	 221.26	0	0		113	1239	6	0	0	13	1226	 13.10%	 272,640.46	 220.05	9	0		1244	2712	
Room Revenue	Forecast	24/04/26 Fri	10	0	0	0	0	10	 2.54%	 2,463.20	 246.32	0	0		113	1239	6	0	0	13	1226	 13.10%	 272,640.46	 220.05	9	0		1244	2712	
Room Revenue	Forecast	25/04/26 Sat	0	0	0	0	0	0	 0.00%	 0.00	 0.00	0	0		113	1239	6	0	0	13	1226	 13.10%	 272,640.46	 220.05	9	0		1244	2712	
Room Revenue	Forecast	26/04/26 Sun	0	0	0	0	0	0	 0.00%	 0.00	 0.00	0	0		113	1239	6	0	0	13	1226	 13.10%	 272,640.46	 220.05	9	0		1244	2712	
Room Revenue	Forecast	27/04/26 Mon	0	0	0	0	0	0	 0.00%	 0.00	 0.00	0	0		113	1239	6	0	0	13	1226	 13.10%	 272,640.46	 220.05	9	0		1244	2712	
Room Revenue	Forecast	28/04/26 Tue	0	0	0	0	0	0	 0.00%	 0.00	 0.00	0	0		113	1239	6	0	0	13	1226	 13.10%	 272,640.46	 220.05	9	0		1244	2712	
Room Revenue	Forecast	29/04/26 Wed	0	0	0	0	0	0	 0.00%	 0.00	 0.00	0	0		113	1239	6	0	0	13	1226	 13.10%	 272,640.46	 220.05	9	0		1244	2712	
Room Revenue	Forecast	30/04/26 Thu	10	2	0	0	2	8	 2.54%	 2,412.02	 241.20	0	0		113	1239	6	0	0	13	1226	 13.10%	 272,640.46	 220.05	9	0		1244	2712	
Room Revenue	Forecast	01/05/26 Fri	10	0	0	0	2	8	 2.54%	 2,412.02	 241.20	0	0		113	1239	6	0	0	13	1226	 13.10%	 272,640.46	 220.05	9	0		1244	2712	
Room Revenue	Forecast	02/05/26 Sat	8	0	0	0	0	8	 2.03%	 1,868.24	 233.53	2	0		113	1239	6	0	0	13	1226	 13.10%	 272,640.46	 220.05	9	0		1244	2712	
Room Revenue	Forecast	03/05/26 Sun	0	0	0	0	0	0	 0.00%	 0.00	 0.00	0	0		113	1239	6	0	0	13	1226	 13.10%	 272,640.46	 220.05	9	0		1244	2712	
Room Revenue	Forecast	04/05/26 Mon	0	0	0	0	0	0	 0.00%	 0.00	 0.00	0	0		113	1239	6	0	0	13	1226	 13.10%	 272,640.46	 220.05	9	0		1244	2712	
Room Revenue	Forecast	05/05/26 Tue	3	3	0	0	3	0	 0.76%	 986.37	 328.79	0	0		113	1239	6	0	0	13	1226	 13.10%	 272,640.46	 220.05	9	0		1244	2712	
Room Revenue	Forecast	06/05/26 Wed	3	0	0	0	3	0	 0.76%	 1,001.32	 333.77	0	0		113	1239	6	0	0	13	1226	 13.10%	 272,640.46	 220.05	9	0		1244	2712	
Room Revenue	Forecast	07/05/26 Thu	9	0	0	0	1	8	 2.28%	 2,226.92	 247.44	2	0		113	1239	6	0	0	13	1226	 13.10%	 272,640.46	 220.05	9	0		1244	2712	
Room Revenue	Forecast	08/05/26 Fri	9	0	0	0	1	8	 2.28%	 2,241.87	 249.10	0	0		113	1239	6	0	0	13	1226	 13.10%	 272,640.46	 220.05	9	0		1244	2712	
Room Revenue	Forecast	09/05/26 Sat	8	0	0	0	0	8	 2.03%	 1,868.24	 233.53	1	0		113	1239	6	0	0	13	1226	 13.10%	 272,640.46	 220.05	9	0		1244	2712	
Room Revenue	Forecast	10/05/26 Sun	1	1	0	0	1	0	 0.25%	 75.06	 75.06	0	0		113	1239	6	0	0	13	1226	 13.10%	 272,640.46	 220.05	9	0		1244	2712	
Room Revenue	Forecast	11/05/26 Mon	0	0	0	0	0	0	 0.00%	 0.00	 0.00	1	0		113	1239	6	0	0	13	1226	 13.10%	 272,640.46	 220.05	9	0		1244	2712	
Room Revenue	Forecast	12/05/26 Tue	0	0	0	0	0	0	 0.00%	 0.00	 0.00	0	0		113	88	2	0	0	8	80	 0.76%	 21,104.09	 239.82	2	0		96	565	
Room Revenue	Forecast	13/05/26 Wed	0	0	0	0	0	0	 0.00%	 0.00	 0.00	0	0		113	88	2	0	0	8	80	 0.76%	 21,104.09	 239.82	2	0		96	565	
Room Revenue	Forecast	14/05/26 Thu	8	0	0	0	0	8	 2.03%	 1,868.24	 233.53	0	0		113	88	2	0	0	8	80	 0.76%	 21,104.09	 239.82	2	0		96	565	
Room Revenue	Forecast	15/05/26 Fri	8	0	0	0	0	8	 2.03%	 1,868.24	 233.53	0	0		113	88	2	0	0	8	80	 0.76%	 21,104.09	 239.82	2	0		96	565	
Room Revenue	Forecast	16/05/26 Sat	8	0	0	0	0	8	 2.03%	 1,868.24	 233.53	0	0		113	88	2	0	0	8	80	 0.76%	 21,104.09	 239.82	2	0		96	565	
Room Revenue	Forecast	17/05/26 Sun	0	0	0	0	0	0	 0.00%	 0.00	 0.00	0	0		0	88	2	0	0	8	80	 0.76%	 21,104.09	 239.82	2	0		96	565	
Room Revenue	Forecast	18/05/26 Mon	0	0	0	0	0	0	 0.00%	 0.00	 0.00	0	0		0	88	2	0	0	8	80	 0.76%	 21,104.09	 239.82	2	0		96	565	
Room Revenue	Forecast	19/05/26 Tue	1	1	0	0	1	0	 0.20%	 294.53	 294.53	0	0		0	88	2	0	0	8	80	 0.76%	 21,104.09	 239.82	2	0		96	565	
Room Revenue	Forecast	20/05/26 Wed	1	0	0	0	1	0	 0.20%	 294.53	 294.53	0	0		0	88	2	0	0	8	80	 0.76%	 21,104.09	 239.82	2	0		96	565	
Room Revenue	Forecast	21/05/26 Thu	10	1	0	0	2	8	 1.97%	 2,449.86	 244.99	0	0		0	88	2	0	0	8	80	 0.76%	 21,104.09	 239.82	2	0		96	565	
Room Revenue	Forecast	22/05/26 Fri	10	0	0	0	2	8	 1.97%	 2,491.56	 249.16	0	0		0	88	2	0	0	8	80	 0.76%	 21,104.09	 239.82	2	0		96	565	
Room Revenue	Forecast	23/05/26 Sat	9	0	0	0	1	8	 1.78%	 2,197.03	 244.11	1	0		0	88	2	0	0	8	80	 0.76%	 21,104.09	 239.82	2	0		96	565	
Room Revenue	Forecast	24/05/26 Sun	1	0	0	0	1	0	 0.20%	 298.90	 298.90	0	0		0	88	2	0	0	8	80	 0.76%	 21,104.09	 239.82	2	0		96	565	
Room Revenue	Forecast	25/05/26 Mon	0	0	0	0	0	0	 0.00%	 0.00	 0.00	1	0		0	88	2	0	0	8	80	 0.76%	 21,104.09	 239.82	2	0		96	565	
Room Revenue	Forecast	26/05/26 Tue	0	0	0	0	0	0	 0.00%	 0.00	 0.00	0	0		0	88	2	0	0	8	80	 0.76%	 21,104.09	 239.82	2	0		96	565	
Room Revenue	Forecast	27/05/26 Wed	0	0	0	0	0	0	 0.00%	 0.00	 0.00	0	0		0	88	2	0	0	8	80	 0.76%	 21,104.09	 239.82	2	0		96	565	
Room Revenue	Forecast	28/05/26 Thu	8	0	0	0	0	8	 1.58%	 1,868.24	 233.53	0	0		0	88	2	0	0	8	80	 0.76%	 21,104.09	 239.82	2	0		96	565	
Room Revenue	Forecast	29/05/26 Fri	8	0	0	0	0	8	 1.58%	 1,868.24	 233.53	0	0		0	88	2	0	0	8	80	 0.76%	 21,104.09	 239.82	2	0		96	565	
Room Revenue	Forecast	30/05/26 Sat	8	0	0	0	0	8	 1.58%	 1,868.24	 233.53	0	0		0	88	2	0	0	8	80	 0.76%	 21,104.09	 239.82	2	0		96	565	
Room Revenue	Forecast	31/05/26 Sun	0	0	0	0	0	0	 0.00%	 0.00	 0.00	0	0		0	88	2	0	0	8	80	 0.76%	 21,104.09	 239.82	2	0		96	565	
Room Revenue	Forecast	01/06/26 Mon	0	0	0	0	0	0	 0.00%	 0.00	 0.00	0	0		0	88	2	0	0	8	80	 0.76%	 21,104.09	 239.82	2	0		96	565	
Room Revenue	Forecast	02/06/26 Tue	0	0	0	0	0	0	 0.00%	 0.00	 0.00	0	0		0	88	2	0	0	8	80	 0.76%	 21,104.09	 239.82	2	0		96	565	
Room Revenue	Forecast	03/06/26 Wed	0	0	0	0	0	0	 0.00%	 0.00	 0.00	0	0		0	88	2	0	0	8	80	 0.76%	 21,104.09	 239.82	2	0		96	565	
Room Revenue	Forecast	04/06/26 Thu	8	0	0	0	0	8	 1.58%	 1,868.24	 233.53	0	0		0	88	2	0	0	8	80	 0.76%	 21,104.09	 239.82	2	0		96	565	
Room Revenue	Forecast	05/06/26 Fri	8	0	0	0	0	8	 1.58%	 1,868.24	 233.53	0	0		0	188	6	0	0	10	178	 1.55%	 43,680.18	 232.34	4	0		205	0	
Room Revenue	Forecast	06/06/26 Sat	8	0	0	0	0	8	 1.58%	 1,868.24	 233.53	0	0		0	188	6	0	0	10	178	 1.55%	 43,680.18	 232.34	4	0		205	0	
Room Revenue	Forecast	07/06/26 Sun	0	0	0	0	0	0	 0.00%	 0.00	 0.00	0	0		0	188	6	0	0	10	178	 1.55%	 43,680.18	 232.34	4	0		205	0	
Room Revenue	Forecast	08/06/26 Mon	0	0	0	0	0	0	 0.00%	 0.00	 0.00	0	0		0	188	6	0	0	10	178	 1.55%	 43,680.18	 232.34	4	0		205	0	
Room Revenue	Forecast	09/06/26 Tue	0	0	0	0	0	0	 0.00%	 0.00	 0.00	0	0		0	188	6	0	0	10	178	 1.55%	 43,680.18	 232.34	4	0		205	0	
Room Revenue	Forecast	10/06/26 Wed	0	0	0	0	0	0	 0.00%	 0.00	 0.00	0	0		0	188	6	0	0	10	178	 1.55%	 43,680.18	 232.34	4	0		205	0	
Room Revenue	Forecast	11/06/26 Thu	8	0	0	0	0	8	 1.58%	 1,868.24	 233.53	0	0		0	188	6	0	0	10	178	 1.55%	 43,680.18	 232.34	4	0		205	0	
Room Revenue	Forecast	12/06/26 Fri	8	0	0	0	0	8	 1.58%	 1,868.24	 233.53	0	0		0	188	6	0	0	10	178	 1.55%	 43,680.18	 232.34	4	0		205	0	
Room Revenue	Forecast	13/06/26 Sat	8	0	0	0	0	8	 1.58%	 1,868.24	 233.53	0	0		0	188	6	0	0	10	178	 1.55%	 43,680.18	 232.34	4	0		205	0	
Room Revenue	Forecast	14/06/26 Sun	0	0	0	0	0	0	 0.00%	 0.00	 0.00	0	0		0	188	6	0	0	10	178	 1.55%	 43,680.18	 232.34	4	0		205	0	
Room Revenue	Forecast	15/06/26 Mon	0	0	0	0	0	0	 0.00%	 0.00	 0.00	0	0		0	188	6	0	0	10	178	 1.55%	 43,680.18	 232.34	4	0		205	0	
Room Revenue	Forecast	16/06/26 Tue	0	0	0	0	0	0	 0.00%	 0.00	 0.00	0	0		0	188	6	0	0	10	178	 1.55%	 43,680.18	 232.34	4	0		205	0	
Room Revenue	Forecast	17/06/26 Wed	0	0	0	0	0	0	 0.00%	 0.00	 0.00	0	0		0	188	6	0	0	10	178	 1.55%	 43,680.18	 232.34	4	0		205	0	
Room Revenue	Forecast	18/06/26 Thu	38	0	0	0	0	38	 7.50%	 8,623.94	 226.95	0	0		0	188	6	0	0	10	178	 1.55%	 43,680.18	 232.34	4	0		205	0	
Room Revenue	Forecast	19/06/26 Fri	39	1	0	0	1	38	 7.69%	 8,699.00	 223.05	0	0		0	188	6	0	0	10	178	 1.55%	 43,680.18	 232.34	4	0		205	0	
Room Revenue	Forecast	20/06/26 Sat	39	0	0	0	1	38	 7.69%	 8,699.00	 223.05	0	0		0	188	6	0	0	10	178	 1.55%	 43,680.18	 232.34	4	0		205	0	
Room Revenue	Forecast	21/06/26 Sun	0	0	0	0	0	0	 0.00%	 0.00	 0.00	1	0		0	188	6	0	0	10	178	 1.55%	 43,680.18	 232.34	4	0		205	0	
Room Revenue	Forecast	22/06/26 Mon	0	0	0	0	0	0	 0.00%	 0.00	 0.00	0	0		0	188	6	0	0	10	178	 1.55%	 43,680.18	 232.34	4	0		205	0	
Room Revenue	Forecast	23/06/26 Tue	0	0	0	0	0	0	 0.00%	 0.00	 0.00	0	0		0	188	6	0	0	10	178	 1.55%	 43,680.18	 232.34	4	0		205	0	
Room Revenue	Forecast	24/06/26 Wed	0	0	0	0	0	0	 0.00%	 0.00	 0.00	0	0		0	188	6	0	0	10	178	 1.55%	 43,680.18	 232.34	4	0		205	0	
Room Revenue	Forecast	25/06/26 Thu	11	3	0	0	3	8	 2.17%	 2,808.40	 255.31	0	0		0	188	6	0	0	10	178	 1.55%	 43,680.18	 232.34	4	0		205	0	
Room Revenue	Forecast	26/06/26 Fri	11	0	0	0	3	8	 2.17%	 2,808.40	 255.31	0	0		0	188	6	0	0	10	178	 1.55%	 43,680.18	 232.34	4	0		205	0	
Room Revenue	Forecast	27/06/26 Sat	8	0	0	0	0	8	 1.58%	 1,868.24	 233.53	3	0		0	188	6	0	0	10	178	 1.55%	 43,680.18	 232.34	4	0		205	0	
Room Revenue	Forecast	28/06/26 Sun	2	2	0	0	2	0	 0.39%	 832.00	 416.00	0	0		0	188	6	0	0	10	178	 1.55%	 43,680.18	 232.34	4	0		205	0	
Room Revenue	Forecast	29/06/26 Mon	2	0	0	0	2	0	 0.39%	 883.20	 441.60	0	0		0	168	18	0	0	53	115	 1.38%	 43,793.95	 260.68	18	0		252	0	
Room Revenue	Forecast	30/06/26 Tue	2	0	0	0	2	0	 0.39%	 944.64	 472.32	0	0		0	168	18	0	0	53	115	 1.38%	 43,793.95	 260.68	18	0		252	0	
Room Revenue	Forecast	01/07/26 Wed	2	0	0	0	2	0	 0.39%	 944.64	 472.32	0	0		0	168	18	0	0	53	115	 1.38%	 43,793.95	 260.68	18	0		252	0	
Room Revenue	Forecast	02/07/26 Thu	16	6	0	0	8	8	 3.16%	 4,061.56	 253.85	0	0		0	168	18	0	0	53	115	 1.38%	 43,793.95	 260.68	18	0		252	0	
Room Revenue	Forecast	03/07/26 Fri	14	0	0	0	6	8	 2.76%	 3,023.72	 215.98	2	0		0	168	18	0	0	53	115	 1.38%	 43,793.95	 260.68	18	0		252	0	
Room Revenue	Forecast	04/07/26 Sat	8	0	0	0	0	8	 1.58%	 1,868.24	 233.53	6	0		0	168	18	0	0	53	115	 1.38%	 43,793.95	 260.68	18	0		252	0	
Room Revenue	Forecast	05/07/26 Sun	1	1	0	0	1	0	 0.20%	 211.68	 211.68	0	0		0	168	18	0	0	53	115	 1.38%	 43,793.95	 260.68	18	0		252	0	
Room Revenue	Forecast	06/07/26 Mon	1	1	0	0	1	0	 0.20%	 293.25	 293.25	1	0		0	168	18	0	0	53	115	 1.38%	 43,793.95	 260.68	18	0		252	0	
Room Revenue	Forecast	07/07/26 Tue	1	0	0	0	1	0	 0.20%	 323.00	 323.00	0	0		0	168	18	0	0	53	115	 1.38%	 43,793.95	 260.68	18	0		252	0	
Room Revenue	Forecast	08/07/26 Wed	0	0	0	0	0	0	 0.00%	 0.00	 0.00	1	0		0	168	18	0	0	53	115	 1.38%	 43,793.95	 260.68	18	0		252	0	
Room Revenue	Forecast	09/07/26 Thu	10	2	0	0	2	8	 1.97%	 2,546.26	 254.63	0	0		0	168	18	0	0	53	115	 1.38%	 43,793.95	 260.68	18	0		252	0	
Room Revenue	Forecast	10/07/26 Fri	10	0	0	0	2	8	 1.97%	 2,579.06	 257.91	0	0		0	168	18	0	0	53	115	 1.38%	 43,793.95	 260.68	18	0		252	0	
Room Revenue	Forecast	11/07/26 Sat	10	0	0	0	2	8	 1.97%	 2,537.56	 253.76	0	0		0	168	18	0	0	53	115	 1.38%	 43,793.95	 260.68	18	0		252	0	
Room Revenue	Forecast	12/07/26 Sun	1	0	0	0	1	0	 0.20%	 676.56	 676.56	1	0		0	168	18	0	0	53	115	 1.38%	 43,793.95	 260.68	18	0		252	0	
Room Revenue	Forecast	13/07/26 Mon	4	3	0	0	4	0	 0.79%	 1,347.12	 336.78	0	0		0	168	18	0	0	53	115	 1.38%	 43,793.95	 260.68	18	0		252	0	
Room Revenue	Forecast	14/07/26 Tue	3	0	0	0	3	0	 0.59%	 758.94	 252.98	1	0		0	168	18	0	0	53	115	 1.38%	 43,793.95	 260.68	18	0		252	0	
Room Revenue	Forecast	15/07/26 Wed	5	1	0	0	4	1	 0.99%	 1,247.16	 249.43	0	0		0	168	18	0	0	53	115	 1.38%	 43,793.95	 260.68	18	0		252	0	
Room Revenue	Forecast	16/07/26 Thu	12	0	0	0	3	9	 2.37%	 2,868.18	 239.02	1	0		0	168	18	0	0	53	115	 1.38%	 43,793.95	 260.68	18	0		252	0	
Room Revenue	Forecast	17/07/26 Fri	17	0	0	0	1	16	 3.35%	 4,161.66	 244.80	2	0		0	168	18	0	0	53	115	 1.38%	 43,793.95	 260.68	18	0		252	0	
Room Revenue	Forecast	18/07/26 Sat	16	0	0	0	0	16	 3.16%	 3,934.80	 245.93	1	0		0	168	18	0	0	53	115	 1.38%	 43,793.95	 260.68	18	0		252	0	
Room Revenue	Forecast	19/07/26 Sun	9	1	0	0	1	8	 1.78%	 2,259.00	 251.00	0	0		0	168	18	0	0	53	115	 1.38%	 43,793.95	 260.68	18	0		252	0	
Room Revenue	Forecast	20/07/26 Mon	10	1	0	0	2	8	 1.97%	 2,446.06	 244.61	0	0		0	168	18	0	0	53	115	 1.38%	 43,793.95	 260.68	18	0		252	0	
Room Revenue	Forecast	21/07/26 Tue	11	2	0	0	3	8	 2.17%	 2,973.06	 270.28	1	0		0	168	18	0	0	53	115	 1.38%	 43,793.95	 260.68	18	0		252	0	
Room Revenue	Forecast	22/07/26 Wed	3	0	0	0	2	1	 0.59%	 904.60	 301.53	1	0		0	168	18	0	0	53	115	 1.38%	 43,793.95	 260.68	18	0		252	0	
Room Revenue	Forecast	23/07/26 Thu	11	0	0	0	2	9	 2.17%	 2,791.04	 253.73	0	0		0	116	5	0	0	19	97	 0.95%	 28,655.62	 247.03	7	0		145	0	
Room Revenue	Forecast	24/07/26 Fri	10	0	0	0	2	8	 1.97%	 2,581.72	 258.17	0	0		0	116	5	0	0	19	97	 0.95%	 28,655.62	 247.03	7	0		145	0	
Room Revenue	Forecast	25/07/26 Sat	8	0	0	0	0	8	 1.58%	 1,868.24	 233.53	2	0		0	116	5	0	0	19	97	 0.95%	 28,655.62	 247.03	7	0		145	0	
Room Revenue	Forecast	26/07/26 Sun	0	0	0	0	0	0	 0.00%	 0.00	 0.00	0	0		0	116	5	0	0	19	97	 0.95%	 28,655.62	 247.03	7	0		145	0	
Room Revenue	Forecast	27/07/26 Mon	0	0	0	0	0	0	 0.00%	 0.00	 0.00	0	0		0	116	5	0	0	19	97	 0.95%	 28,655.62	 247.03	7	0		145	0	
Room Revenue	Forecast	28/07/26 Tue	0	0	0	0	0	0	 0.00%	 0.00	 0.00	0	0		0	116	5	0	0	19	97	 0.95%	 28,655.62	 247.03	7	0		145	0	
Room Revenue	Forecast	29/07/26 Wed	2	2	0	0	2	0	 0.39%	 789.76	 394.88	0	0		0	116	5	0	0	19	97	 0.95%	 28,655.62	 247.03	7	0		145	0	
Room Revenue	Forecast	30/07/26 Thu	10	0	0	0	2	8	 1.97%	 2,599.38	 259.94	0	0		0	116	5	0	0	19	97	 0.95%	 28,655.62	 247.03	7	0		145	0	
Room Revenue	Forecast	31/07/26 Fri	11	1	0	0	3	8	 2.17%	 2,701.52	 245.59	0	0		0	116	5	0	0	19	97	 0.95%	 28,655.62	 247.03	7	0		145	0	
Room Revenue	Forecast	01/08/26 Sat	11	0	0	0	3	8	 2.17%	 2,532.88	 230.26	0	0		0	116	5	0	0	19	97	 0.95%	 28,655.62	 247.03	7	0		145	0	
Room Revenue	Forecast	02/08/26 Sun	1	1	0	0	1	0	 0.20%	 184.30	 184.30	3	0		0	116	5	0	0	19	97	 0.95%	 28,655.62	 247.03	7	0		145	0	
Room Revenue	Forecast	03/08/26 Mon	1	0	0	0	1	0	 0.20%	 180.28	 180.28	0	0		0	116	5	0	0	19	97	 0.95%	 28,655.62	 247.03	7	0		145	0	
Room Revenue	Forecast	04/08/26 Tue	1	0	0	0	1	0	 0.20%	 193.38	 193.38	0	0		0	116	5	0	0	19	97	 0.95%	 28,655.62	 247.03	7	0		145	0	
Room Revenue	Forecast	05/08/26 Wed	0	0	0	0	0	0	 0.00%	 0.00	 0.00	1	0		0	116	5	0	0	19	97	 0.95%	 28,655.62	 247.03	7	0		145	0	
Room Revenue	Forecast	06/08/26 Thu	8	0	0	0	0	8	 1.58%	 1,868.24	 233.53	0	0		0	116	5	0	0	19	97	 0.95%	 28,655.62	 247.03	7	0		145	0	
Room Revenue	Forecast	07/08/26 Fri	8	0	0	0	0	8	 1.58%	 1,868.24	 233.53	0	0		0	116	5	0	0	19	97	 0.95%	 28,655.62	 247.03	7	0		145	0	
Room Revenue	Forecast	08/08/26 Sat	9	1	0	0	1	8	 1.78%	 2,393.68	 265.96	0	0		0	116	5	0	0	19	97	 0.95%	 28,655.62	 247.03	7	0		145	0	
Room Revenue	Forecast	09/08/26 Sun	1	0	0	0	1	0	 0.20%	 498.24	 498.24	0	0		0	116	5	0	0	19	97	 0.95%	 28,655.62	 247.03	7	0		145	0	
Room Revenue	Forecast	10/08/26 Mon	0	0	0	0	0	0	 0.00%	 0.00	 0.00	1	0		0	116	5	0	0	19	97	 0.95%	 28,655.62	 247.03	7	0		145	0	
Room Revenue	Forecast	11/08/26 Tue	0	0	0	0	0	0	 0.00%	 0.00	 0.00	0	0		0	116	5	0	0	19	97	 0.95%	 28,655.62	 247.03	7	0		145	0	
Room Revenue	Forecast	12/08/26 Wed	0	0	0	0	0	0	 0.00%	 0.00	 0.00	0	0		0	116	5	0	0	19	97	 0.95%	 28,655.62	 247.03	7	0		145	0	
Room Revenue	Forecast	13/08/26 Thu	8	0	0	0	0	8	 1.58%	 1,868.24	 233.53	0	0		0	116	5	0	0	19	97	 0.95%	 28,655.62	 247.03	7	0		145	0	
Room Revenue	Forecast	14/08/26 Fri	8	0	0	0	0	8	 1.58%	 1,868.24	 233.53	0	0		0	116	5	0	0	19	97	 0.95%	 28,655.62	 247.03	7	0		145	0	
Room Revenue	Forecast	15/08/26 Sat	8	0	0	0	0	8	 1.58%	 1,868.24	 233.53	0	0		0	116	5	0	0	19	97	 0.95%	 28,655.62	 247.03	7	0		145	0	
Room Revenue	Forecast	16/08/26 Sun	0	0	0	0	0	0	 0.00%	 0.00	 0.00	0	0		0	90	5	0	0	18	72	 0.74%	 21,508.00	 238.98	4	0		116	0	
Room Revenue	Forecast	17/08/26 Mon	0	0	0	0	0	0	 0.00%	 0.00	 0.00	0	0		0	90	5	0	0	18	72	 0.74%	 21,508.00	 238.98	4	0		116	0	
Room Revenue	Forecast	18/08/26 Tue	3	2	0	0	3	0	 0.59%	 488.75	 162.92	0	0		0	90	5	0	0	18	72	 0.74%	 21,508.00	 238.98	4	0		116	0	
Room Revenue	Forecast	19/08/26 Wed	3	0	0	0	3	0	 0.59%	 488.75	 162.92	0	0		0	90	5	0	0	18	72	 0.74%	 21,508.00	 238.98	4	0		116	0	
Room Revenue	Forecast	20/08/26 Thu	13	2	0	0	5	8	 2.56%	 3,119.23	 239.94	0	0		0	90	5	0	0	18	72	 0.74%	 21,508.00	 238.98	4	0		116	0	
Room Revenue	Forecast	21/08/26 Fri	10	0	0	0	2	8	 1.97%	 2,571.68	 257.17	2	0		0	90	5	0	0	18	72	 0.74%	 21,508.00	 238.98	4	0		116	0	
Room Revenue	Forecast	22/08/26 Sat	10	0	0	0	2	8	 1.97%	 2,571.68	 257.17	0	0		0	90	5	0	0	18	72	 0.74%	 21,508.00	 238.98	4	0		116	0	
Room Revenue	Forecast	23/08/26 Sun	2	0	0	0	2	0	 0.39%	 672.64	 336.32	0	0		0	90	5	0	0	18	72	 0.74%	 21,508.00	 238.98	4	0		116	0	
Room Revenue	Forecast	24/08/26 Mon	0	0	0	0	0	0	 0.00%	 0.00	 0.00	2	0		0	90	5	0	0	18	72	 0.74%	 21,508.00	 238.98	4	0		116	0	
Room Revenue	Forecast	25/08/26 Tue	0	0	0	0	0	0	 0.00%	 0.00	 0.00	0	0		0	90	5	0	0	18	72	 0.74%	 21,508.00	 238.98	4	0		116	0	
Room Revenue	Forecast	26/08/26 Wed	0	0	0	0	0	0	 0.00%	 0.00	 0.00	0	0		0	90	5	0	0	18	72	 0.74%	 21,508.00	 238.98	4	0		116	0	
Room Revenue	Forecast	27/08/26 Thu	8	0	0	0	0	8	 1.58%	 1,868.24	 233.53	0	0		0	90	5	0	0	18	72	 0.74%	 21,508.00	 238.98	4	0		116	0	
Room Revenue	Forecast	28/08/26 Fri	8	0	0	0	0	8	 1.58%	 1,868.24	 233.53	0	0		0	90	5	0	0	18	72	 0.74%	 21,508.00	 238.98	4	0		116	0	
Room Revenue	Forecast	29/08/26 Sat	8	0	0	0	0	8	 1.58%	 1,868.24	 233.53	0	0		0	90	5	0	0	18	72	 0.74%	 21,508.00	 238.98	4	0		116	0	
Room Revenue	Forecast	30/08/26 Sun	0	0	0	0	0	0	 0.00%	 0.00	 0.00	0	0		0	90	5	0	0	18	72	 0.74%	 21,508.00	 238.98	4	0		116	0	
Room Revenue	Forecast	31/08/26 Mon	0	0	0	0	0	0	 0.00%	 0.00	 0.00	0	0		0	90	5	0	0	18	72	 0.74%	 21,508.00	 238.98	4	0		116	0	
Room Revenue	Forecast	01/09/26 Tue	0	0	0	0	0	0	 0.00%	 0.00	 0.00	0	0		0	90	5	0	0	18	72	 0.74%	 21,508.00	 238.98	4	0		116	0	
Room Revenue	Forecast	02/09/26 Wed	0	0	0	0	0	0	 0.00%	 0.00	 0.00	0	0		0	90	5	0	0	18	72	 0.74%	 21,508.00	 238.98	4	0		116	0	
Room Revenue	Forecast	03/09/26 Thu	8	0	0	0	0	8	 1.58%	 1,868.24	 233.53	0	0		0	90	5	0	0	18	72	 0.74%	 21,508.00	 238.98	4	0		116	0	
Room Revenue	Forecast	04/09/26 Fri	8	0	0	0	0	8	 1.58%	 1,868.24	 233.53	0	0		0	90	5	0	0	18	72	 0.74%	 21,508.00	 238.98	4	0		116	0	
Room Revenue	Forecast	05/09/26 Sat	8	0	0	0	0	8	 1.58%	 1,868.24	 233.53	0	0		0	90	5	0	0	18	72	 0.74%	 21,508.00	 238.98	4	0		116	0	
Room Revenue	Forecast	06/09/26 Sun	0	0	0	0	0	0	 0.00%	 0.00	 0.00	0	0		0	90	5	0	0	18	72	 0.74%	 21,508.00	 238.98	4	0		116	0	
Room Revenue	Forecast	07/09/26 Mon	0	0	0	0	0	0	 0.00%	 0.00	 0.00	0	0		0	90	5	0	0	18	72	 0.74%	 21,508.00	 238.98	4	0		116	0	
Room Revenue	Forecast	08/09/26 Tue	1	1	0	0	1	0	 0.20%	 385.83	 385.83	0	0		0	90	5	0	0	18	72	 0.74%	 21,508.00	 238.98	4	0		116	0	
Room Revenue	Forecast	09/09/26 Wed	1	0	0	0	1	0	 0.20%	 385.83	 385.83	0	0		0	30	2	0	0	6	24	 0.25%	 7,166.55	 238.89	2	0		36	0	
Room Revenue	Forecast	10/09/26 Thu	8	0	0	0	0	8	 1.58%	 1,868.24	 233.53	1	0		0	30	2	0	0	6	24	 0.25%	 7,166.55	 238.89	2	0		36	0	
Room Revenue	Forecast	11/09/26 Fri	8	0	0	0	0	8	 1.58%	 1,868.24	 233.53	0	0		0	30	2	0	0	6	24	 0.25%	 7,166.55	 238.89	2	0		36	0	
Room Revenue	Forecast	12/09/26 Sat	8	0	0	0	0	8	 1.58%	 1,868.24	 233.53	0	0		0	30	2	0	0	6	24	 0.25%	 7,166.55	 238.89	2	0		36	0	
Room Revenue	Forecast	13/09/26 Sun	0	0	0	0	0	0	 0.00%	 0.00	 0.00	0	0		0	30	2	0	0	6	24	 0.25%	 7,166.55	 238.89	2	0		36	0	
Room Revenue	Forecast	14/09/26 Mon	0	0	0	0	0	0	 0.00%	 0.00	 0.00	0	0		0	30	2	0	0	6	24	 0.25%	 7,166.55	 238.89	2	0		36	0	
Room Revenue	Forecast	15/09/26 Tue	0	0	0	0	0	0	 0.00%	 0.00	 0.00	0	0		0	30	2	0	0	6	24	 0.25%	 7,166.55	 238.89	2	0		36	0	
Room Revenue	Forecast	16/09/26 Wed	0	0	0	0	0	0	 0.00%	 0.00	 0.00	0	0		0	30	2	0	0	6	24	 0.25%	 7,166.55	 238.89	2	0		36	0	
Room Revenue	Forecast	17/09/26 Thu	0	0	0	0	0	0	 0.00%	 0.00	 0.00	0	0		0	30	2	0	0	6	24	 0.25%	 7,166.55	 238.89	2	0		36	0	
Room Revenue	Forecast	18/09/26 Fri	0	0	0	0	0	0	 0.00%	 0.00	 0.00	0	0		0	30	2	0	0	6	24	 0.25%	 7,166.55	 238.89	2	0		36	0	
Room Revenue	Forecast	19/09/26 Sat	0	0	0	0	0	0	 0.00%	 0.00	 0.00	0	0		0	30	2	0	0	6	24	 0.25%	 7,166.55	 238.89	2	0		36	0	
Room Revenue	Forecast	20/09/26 Sun	0	0	0	0	0	0	 0.00%	 0.00	 0.00	0	0		0	30	2	0	0	6	24	 0.25%	 7,166.55	 238.89	2	0		36	0	
Room Revenue	Forecast	21/09/26 Mon	0	0	0	0	0	0	 0.00%	 0.00	 0.00	0	0		0	30	2	0	0	6	24	 0.25%	 7,166.55	 238.89	2	0		36	0	
Room Revenue	Forecast	22/09/26 Tue	0	0	0	0	0	0	 0.00%	 0.00	 0.00	0	0		0	30	2	0	0	6	24	 0.25%	 7,166.55	 238.89	2	0		36	0	
Room Revenue	Forecast	23/09/26 Wed	0	0	0	0	0	0	 0.00%	 0.00	 0.00	0	0		0	30	2	0	0	6	24	 0.25%	 7,166.55	 238.89	2	0		36	0	
Room Revenue	Forecast	24/09/26 Thu	1	1	0	0	1	0	 0.20%	 235.20	 235.20	0	0		0	30	2	0	0	6	24	 0.25%	 7,166.55	 238.89	2	0		36	0	
Room Revenue	Forecast	25/09/26 Fri	1	0	0	0	1	0	 0.20%	 235.20	 235.20	0	0		0	30	2	0	0	6	24	 0.25%	 7,166.55	 238.89	2	0		36	0	
Room Revenue	Forecast	26/09/26 Sat	1	0	0	0	1	0	 0.20%	 235.20	 235.20	0	0		0	30	2	0	0	6	24	 0.25%	 7,166.55	 238.89	2	0		36	0	
Room Revenue	Forecast	27/09/26 Sun	1	0	0	0	1	0	 0.20%	 235.20	 235.20	0	0		0	30	2	0	0	6	24	 0.25%	 7,166.55	 238.89	2	0		36	0	
Room Revenue	Forecast	28/09/26 Mon	0	0	0	0	0	0	 0.00%	 0.00	 0.00	1	0		0	30	2	0	0	6	24	 0.25%	 7,166.55	 238.89	2	0		36	0	
Room Revenue	Forecast	29/09/26 Tue	0	0	0	0	0	0	 0.00%	 0.00	 0.00	0	0		0	30	2	0	0	6	24	 0.25%	 7,166.55	 238.89	2	0		36	0	
Room Revenue	Forecast	30/09/26 Wed	0	0	0	0	0	0	 0.00%	 0.00	 0.00	0	0		0	30	2	0	0	6	24	 0.25%	 7,166.55	 238.89	2	0		36	0	
Room Revenue	Forecast	01/10/26 Thu	0	0	0	0	0	0	 0.00%	 0.00	 0.00	0	0		0	30	2	0	0	6	24	 0.25%	 7,166.55	 238.89	2	0		36	0	
Room Revenue	Forecast	02/10/26 Fri	1	1	0	0	1	0	 0.20%	 235.20	 235.20	0	0		0	30	2	0	0	6	24	 0.25%	 7,166.55	 238.89	2	0		36	0	
Room Revenue	Forecast	03/10/26 Sat	1	0	0	0	1	0	 0.20%	 235.20	 235.20	0	0		0	65	5	0	0	17	48	 0.53%	 17,793.83	 273.75	5	0		82	0	
Room Revenue	Forecast	04/10/26 Sun	1	0	0	0	1	0	 0.20%	 235.20	 235.20	0	0		0	65	5	0	0	17	48	 0.53%	 17,793.83	 273.75	5	0		82	0	
Room Revenue	Forecast	05/10/26 Mon	0	0	0	0	0	0	 0.00%	 0.00	 0.00	1	0		0	65	5	0	0	17	48	 0.53%	 17,793.83	 273.75	5	0		82	0	
Room Revenue	Forecast	06/10/26 Tue	0	0	0	0	0	0	 0.00%	 0.00	 0.00	0	0		0	65	5	0	0	17	48	 0.53%	 17,793.83	 273.75	5	0		82	0	
Room Revenue	Forecast	07/10/26 Wed	0	0	0	0	0	0	 0.00%	 0.00	 0.00	0	0		0	65	5	0	0	17	48	 0.53%	 17,793.83	 273.75	5	0		82	0	
Room Revenue	Forecast	08/10/26 Thu	10	2	0	0	2	8	 1.97%	 2,715.95	 271.60	0	0		0	65	5	0	0	17	48	 0.53%	 17,793.83	 273.75	5	0		82	0	
Room Revenue	Forecast	09/10/26 Fri	10	0	0	0	2	8	 1.97%	 2,715.95	 271.60	0	0		0	65	5	0	0	17	48	 0.53%	 17,793.83	 273.75	5	0		82	0	
Room Revenue	Forecast	10/10/26 Sat	12	2	0	0	4	8	 2.37%	 3,925.84	 327.15	0	0		0	65	5	0	0	17	48	 0.53%	 17,793.83	 273.75	5	0		82	0	
Room Revenue	Forecast	11/10/26 Sun	3	0	0	0	3	0	 0.59%	 1,191.96	 397.32	1	0		0	65	5	0	0	17	48	 0.53%	 17,793.83	 273.75	5	0		82	0	
Room Revenue	Forecast	12/10/26 Mon	2	0	0	0	2	0	 0.39%	 449.91	 224.96	1	0		0	65	5	0	0	17	48	 0.53%	 17,793.83	 273.75	5	0		82	0	
Room Revenue	Forecast	13/10/26 Tue	0	0	0	0	0	0	 0.00%	 0.00	 0.00	2	0		0	65	5	0	0	17	48	 0.53%	 17,793.83	 273.75	5	0		82	0	
Room Revenue	Forecast	14/10/26 Wed	0	0	0	0	0	0	 0.00%	 0.00	 0.00	0	0		0	65	5	0	0	17	48	 0.53%	 17,793.83	 273.75	5	0		82	0	
Room Revenue	Forecast	15/10/26 Thu	0	0	0	0	0	0	 0.00%	 0.00	 0.00	0	0		0	65	5	0	0	17	48	 0.53%	 17,793.83	 273.75	5	0		82	0	
Room Revenue	Forecast	16/10/26 Fri	0	0	0	0	0	0	 0.00%	 0.00	 0.00	0	0		0	65	5	0	0	17	48	 0.53%	 17,793.83	 273.75	5	0		82	0	
Room Revenue	Forecast	17/10/26 Sat	0	0	0	0	0	0	 0.00%	 0.00	 0.00	0	0		0	65	5	0	0	17	48	 0.53%	 17,793.83	 273.75	5	0		82	0	
Room Revenue	Forecast	18/10/26 Sun	0	0	0	0	0	0	 0.00%	 0.00	 0.00	0	0		0	65	5	0	0	17	48	 0.53%	 17,793.83	 273.75	5	0		82	0	
Room Revenue	Forecast	19/10/26 Mon	0	0	0	0	0	0	 0.00%	 0.00	 0.00	0	0		0	65	5	0	0	17	48	 0.53%	 17,793.83	 273.75	5	0		82	0	
Room Revenue	Forecast	20/10/26 Tue	0	0	0	0	0	0	 0.00%	 0.00	 0.00	0	0		0	65	5	0	0	17	48	 0.53%	 17,793.83	 273.75	5	0		82	0	
Room Revenue	Forecast	21/10/26 Wed	0	0	0	0	0	0	 0.00%	 0.00	 0.00	0	0		0	65	5	0	0	17	48	 0.53%	 17,793.83	 273.75	5	0		82	0	
Room Revenue	Forecast	22/10/26 Thu	8	0	0	0	0	8	 1.58%	 1,868.24	 233.53	0	0		0	65	5	0	0	17	48	 0.53%	 17,793.83	 273.75	5	0		82	0	
Room Revenue	Forecast	23/10/26 Fri	8	0	0	0	0	8	 1.58%	 1,868.24	 233.53	0	0		0	65	5	0	0	17	48	 0.53%	 17,793.83	 273.75	5	0		82	0	
Room Revenue	Forecast	24/10/26 Sat	8	0	0	0	0	8	 1.58%	 1,868.24	 233.53	0	0		0	65	5	0	0	17	48	 0.53%	 17,793.83	 273.75	5	0		82	0	
Room Revenue	Forecast	25/10/26 Sun	1	1	0	0	1	0	 0.20%	 344.25	 344.25	0	0		0	65	5	0	0	17	48	 0.53%	 17,793.83	 273.75	5	0		82	0	
Room Revenue	Forecast	26/10/26 Mon	1	0	0	0	1	0	 0.20%	 374.85	 374.85	0	0		0	65	5	0	0	17	48	 0.53%	 17,793.83	 273.75	5	0		82	0	
Room Revenue	Forecast	27/10/26 Tue	1	0	0	0	1	0	 0.20%	 374.85	 374.85	0	0		0	85	1	0	0	5	80	 0.70%	 20,462.96	 240.74	2	0		90	0	
Room Revenue	Forecast	28/10/26 Wed	1	0	0	0	1	0	 0.20%	 374.85	 374.85	0	0		0	85	1	0	0	5	80	 0.70%	 20,462.96	 240.74	2	0		90	0	
Room Revenue	Forecast	29/10/26 Thu	8	0	0	0	0	8	 1.58%	 1,868.24	 233.53	1	0		0	85	1	0	0	5	80	 0.70%	 20,462.96	 240.74	2	0		90	0	
Room Revenue	Forecast	30/10/26 Fri	8	0	0	0	0	8	 1.58%	 1,868.24	 233.53	0	0		0	85	1	0	0	5	80	 0.70%	 20,462.96	 240.74	2	0		90	0	
Room Revenue	Forecast	31/10/26 Sat	8	0	0	0	0	8	 1.58%	 1,868.24	 233.53	0	0		0	85	1	0	0	5	80	 0.70%	 20,462.96	 240.74	2	0		90	0	
Room Revenue	Forecast	01/11/26 Sun	0	0	0	0	0	0	 0.00%	 0.00	 0.00	0	0		0	85	1	0	0	5	80	 0.70%	 20,462.96	 240.74	2	0		90	0	
Room Revenue	Forecast	02/11/26 Mon	1	1	0	0	1	0	 0.20%	 343.62	 343.62	0	0		0	85	1	0	0	5	80	 0.70%	 20,462.96	 240.74	2	0		90	0	
Room Revenue	Forecast	03/11/26 Tue	1	0	0	0	1	0	 0.20%	 343.62	 343.62	0	0		0	85	1	0	0	5	80	 0.70%	 20,462.96	 240.74	2	0		90	0	
Room Revenue	Forecast	04/11/26 Wed	1	0	0	0	1	0	 0.20%	 343.62	 343.62	0	0		0	85	1	0	0	5	80	 0.70%	 20,462.96	 240.74	2	0		90	0	
Room Revenue	Forecast	05/11/26 Thu	8	0	0	0	0	8	 1.58%	 1,868.24	 233.53	1	0		0	85	1	0	0	5	80	 0.70%	 20,462.96	 240.74	2	0		90	0	
Room Revenue	Forecast	06/11/26 Fri	8	0	0	0	0	8	 1.58%	 1,868.24	 233.53	0	0		0	85	1	0	0	5	80	 0.70%	 20,462.96	 240.74	2	0		90	0	
Room Revenue	Forecast	07/11/26 Sat	8	0	0	0	0	8	 1.58%	 1,868.24	 233.53	0	0		0	85	1	0	0	5	80	 0.70%	 20,462.96	 240.74	2	0		90	0	
Room Revenue	Forecast	08/11/26 Sun	0	0	0	0	0	0	 0.00%	 0.00	 0.00	0	0		0	85	1	0	0	5	80	 0.70%	 20,462.96	 240.74	2	0		90	0	
Room Revenue	Forecast	09/11/26 Mon	0	0	0	0	0	0	 0.00%	 0.00	 0.00	0	0		0	85	1	0	0	5	80	 0.70%	 20,462.96	 240.74	2	0		90	0	
Room Revenue	Forecast	10/11/26 Tue	0	0	0	0	0	0	 0.00%	 0.00	 0.00	0	0		0	85	1	0	0	5	80	 0.70%	 20,462.96	 240.74	2	0		90	0	
Room Revenue	Forecast	11/11/26 Wed	0	0	0	0	0	0	 0.00%	 0.00	 0.00	0	0		0	85	1	0	0	5	80	 0.70%	 20,462.96	 240.74	2	0		90	0	
Room Revenue	Forecast	12/11/26 Thu	8	0	0	0	0	8	 1.58%	 1,868.24	 233.53	0	0		0	85	1	0	0	5	80	 0.70%	 20,462.96	 240.74	2	0		90	0	
Room Revenue	Forecast	13/11/26 Fri	8	0	0	0	0	8	 1.58%	 1,868.24	 233.53	0	0		0	85	1	0	0	5	80	 0.70%	 20,462.96	 240.74	2	0		90	0	
Room Revenue	Forecast	14/11/26 Sat	8	0	0	0	0	8	 1.58%	 1,868.24	 233.53	0	0		0	85	1	0	0	5	80	 0.70%	 20,462.96	 240.74	2	0		90	0	
Room Revenue	Forecast	15/11/26 Sun	0	0	0	0	0	0	 0.00%	 0.00	 0.00	0	0		0	85	1	0	0	5	80	 0.70%	 20,462.96	 240.74	2	0		90	0	
Room Revenue	Forecast	16/11/26 Mon	0	0	0	0	0	0	 0.00%	 0.00	 0.00	0	0		0	85	1	0	0	5	80	 0.70%	 20,462.96	 240.74	2	0		90	0	
Room Revenue	Forecast	17/11/26 Tue	0	0	0	0	0	0	 0.00%	 0.00	 0.00	0	0		0	85	1	0	0	5	80	 0.70%	 20,462.96	 240.74	2	0		90	0	
Room Revenue	Forecast	18/11/26 Wed	0	0	0	0	0	0	 0.00%	 0.00	 0.00	0	0		0	85	1	0	0	5	80	 0.70%	 20,462.96	 240.74	2	0		90	0	
Room Revenue	Forecast	19/11/26 Thu	8	0	0	0	0	8	 1.58%	 1,868.24	 233.53	0	0		0	85	1	0	0	5	80	 0.70%	 20,462.96	 240.74	2	0		90	0	
Room Revenue	Forecast	20/11/26 Fri	8	0	0	0	0	8	 1.58%	 1,868.24	 233.53	0	0		0	40	0	0	0	0	40	 0.72%	 9,341.20	 233.53	0	0		40	0	18511	5103	39	0	13834	4677	 9.74%	 4,372,904.72	 236.23	5533	56	27	30863	10310	
Room Revenue	Forecast	21/11/26 Sat	8	0	0	0	0	8	 1.58%	 1,868.24	 233.53	0	0		0	40	0	0	0	0	40	 0.72%	 9,341.20	 233.53	0	0		40	0	18511	5103	39	0	13834	4677	 9.74%	 4,372,904.72	 236.23	5533	56	27	30863	10310	
Room Revenue	Forecast	22/11/26 Sun	0	0	0	0	0	0	 0.00%	 0.00	 0.00	0	0		0	40	0	0	0	0	40	 0.72%	 9,341.20	 233.53	0	0		40	0	18511	5103	39	0	13834	4677	 9.74%	 4,372,904.72	 236.23	5533	56	27	30863	10310	
Room Revenue	Forecast	23/11/26 Mon	0	0	0	0	0	0	 0.00%	 0.00	 0.00	0	0		0	40	0	0	0	0	40	 0.72%	 9,341.20	 233.53	0	0		40	0	18511	5103	39	0	13834	4677	 9.74%	 4,372,904.72	 236.23	5533	56	27	30863	10310	
Room Revenue	Forecast	24/11/26 Tue	0	0	0	0	0	0	 0.00%	 0.00	 0.00	0	0		0	40	0	0	0	0	40	 0.72%	 9,341.20	 233.53	0	0		40	0	18511	5103	39	0	13834	4677	 9.74%	 4,372,904.72	 236.23	5533	56	27	30863	10310	
Room Revenue	Forecast	25/11/26 Wed	0	0	0	0	0	0	 0.00%	 0.00	 0.00	0	0		0	40	0	0	0	0	40	 0.72%	 9,341.20	 233.53	0	0		40	0	18511	5103	39	0	13834	4677	 9.74%	 4,372,904.72	 236.23	5533	56	27	30863	10310	
Room Revenue	Forecast	26/11/26 Thu	8	0	0	0	0	8	 1.58%	 1,868.24	 233.53	0	0		0	40	0	0	0	0	40	 0.72%	 9,341.20	 233.53	0	0		40	0	18511	5103	39	0	13834	4677	 9.74%	 4,372,904.72	 236.23	5533	56	27	30863	10310	
Room Revenue	Forecast	27/11/26 Fri	8	0	0	0	0	8	 1.58%	 1,868.24	 233.53	0	0		0	40	0	0	0	0	40	 0.72%	 9,341.20	 233.53	0	0		40	0	18511	5103	39	0	13834	4677	 9.74%	 4,372,904.72	 236.23	5533	56	27	30863	10310	
Room Revenue	Forecast	28/11/26 Sat	8	0	0	0	0	8	 1.58%	 1,868.24	 233.53	0	0		0	40	0	0	0	0	40	 0.72%	 9,341.20	 233.53	0	0		40	0	18511	5103	39	0	13834	4677	 9.74%	 4,372,904.72	 236.23	5533	56	27	30863	10310	
Room Revenue	Forecast	29/11/26 Sun	0	0	0	0	0	0	 0.00%	 0.00	 0.00	0	0		0	40	0	0	0	0	40	 0.72%	 9,341.20	 233.53	0	0		40	0	18511	5103	39	0	13834	4677	 9.74%	 4,372,904.72	 236.23	5533	56	27	30863	10310	
Room Revenue	Forecast	30/11/26 Mon	0	0	0	0	0	0	 0.00%	 0.00	 0.00	0	0		0	40	0	0	0	0	40	 0.72%	 9,341.20	 233.53	0	0		40	0	18511	5103	39	0	13834	4677	 9.74%	 4,372,904.72	 236.23	5533	56	27	30863	10310	
